2.204090103276227453e+01 2.793134150217390754e+01 2.821472123851752656e+01 2.278103457419958389e+01 3.042024367644258120e+01 2.974229582608155553e+01
1.663094288839976187e+01 2.797833736983711717e+01 2.552663596657359690e+01 2.633838264686466957e+01 3.382103939066088572e+01 3.181992474385139502e+01
3.869884808066147741e+01 3.979023338884637440e+01 4.202264246688160654e+01 3.914130701590106298e+01 4.145019783143293779e+01 4.120414879561074883e+01
1.667234317126104415e+01 2.700739276372553377e+01 2.441931160046372185e+01 2.442600401082086492e+01 3.215711081428501927e+01 3.016920158599999269e+01
2.248543253912653128e+01 2.914623710725888017e+01 2.593401833421111391e+01 2.879591129415582884e+01 3.594553028314771126e+01 3.300092643153519845e+01
2.328750718440031875e+01 3.168234303440377175e+01 2.981170576350560708e+01 2.931261812590150484e+01 3.620206893850392760e+01 3.368261962175889579e+01
1.817192553997497484e+01 2.965731334580383205e+01 2.584257874443830261e+01 2.696647411294084407e+01 3.486308505161596827e+01 3.278654290201306765e+01
2.213866309136996335e+01 3.311330071717122792e+01 3.084090765239431775e+01 3.102253754071832148e+01 3.730967437115428709e+01 3.601522668170406405e+01
3.023357487492713247e+01 4.045701158940291720e+01 3.971716865941407804e+01 3.904615337387530616e+01 4.254795843041370063e+01 4.282405950388755400e+01
1.821843181095714570e+01 2.847683939074589787e+01 2.720080589029080897e+01 2.497351870359079484e+01 3.176348360860087894e+01 3.069671905940164436e+01
2.806147317094182014e+01 3.302150105311228145e+01 3.021065921665605103e+01 3.146893250030250044e+01 3.767576370940854957e+01 3.510153215492201895e+01
3.348876564260592659e+01 3.719549895804269823e+01 3.790480679708127099e+01 3.810607657315264873e+01 4.332576556931312695e+01 4.118575574907903558e+01
2.130040203599166659e+01 3.089159317779644098e+01 3.009659283681181563e+01 3.026840122056978188e+01 3.689139796981784514e+01 3.494759423181013602e+01
1.698850400381297021e+01 2.706932255198783110e+01 2.554708067441877262e+01 2.540657450474109780e+01 3.321245800582658347e+01 3.110352235832362311e+01
2.041661432051988001e+01 2.586180408526374208e+01 2.045884708124873441e+01 2.393424474707587279e+01 3.095391814841116584e+01 2.827742104405466605e+01
2.761135759667384448e+01 3.195464391020359329e+01 3.394850590532741563e+01 2.578252540769205581e+01 3.252834263467330089e+01 3.268179878937615968e+01
2.027908540720268959e+01 3.196168345589931903e+01 3.058887273993413558e+01 3.038272404135066651e+01 3.535850777276387191e+01 3.512064074901491040e+01
2.984649362491893498e+01 3.547040215706131505e+01 3.627744004838086767e+01 3.338276190884077010e+01 3.694702041334689113e+01 3.709492906526178047e+01
1.921469397857218553e+01 2.817280049242985029e+01 2.802277525235672329e+01 2.612539803630938451e+01 3.236290624202001709e+01 3.156683262218133024e+01
3.060419400458560801e+01 3.751694995184963233e+01 3.768685125658717538e+01 3.813506998071601117e+01 4.127654012629776048e+01 4.064885580556671130e+01
3.858955528890632536e+01 4.375563275356921622e+01 4.657303682946336210e+01 4.183461657840803127e+01 4.602277184378094432e+01 4.495405612713022947e+01
1.852140246150512226e+01 3.011993590323935877e+01 2.693057976517403063e+01 2.760248624841130294e+01 3.490768152871809349e+01 3.333600030821431659e+01
3.468631300299146858e+01 4.229891818053241082e+01 4.327404369966990316e+01 3.960642357288677573e+01 4.312525451005597432e+01 4.380754057379155597e+01
2.889187555382972050e+01 3.942504598583418840e+01 3.767390415889307320e+01 3.609381026261771552e+01 4.069785293250787817e+01 4.097197692422215454e+01
1.774535453721191658e+01 2.706645786888449479e+01 2.633446257161186566e+01 2.417925756713822949e+01 3.053320465971779996e+01 2.970365972070398541e+01
3.382306325424576698e+01 3.928033432309815254e+01 4.032203269048338967e+01 3.570975812039440456e+01 4.022076709067410860e+01 4.079040171517935676e+01
4.292140738017924662e+01 4.663912392150643171e+01 4.893901074777538440e+01 4.567529765509608097e+01 4.849588669078836034e+01 4.835011743375232385e+01
2.971977426844983583e+01 3.727964066575176361e+01 3.806236299715876470e+01 3.409719043753403156e+01 3.799297684471491010e+01 3.906790997900651519e+01
3.046055142184759035e+01 3.568641017717153119e+01 3.835865002212605646e+01 3.328209287602054189e+01 3.796771906966921506e+01 3.817036520518630738e+01
2.538117743871779908e+01 3.144160689328225899e+01 2.900166852429230602e+01 2.853214739666287159e+01 3.220090217836048652e+01 3.264182391898582836e+01
2.198347602829690928e+01 2.728494771101146910e+01 2.882669551909528849e+01 2.279652634143380041e+01 2.917795963319503372e+01 2.931089510267158005e+01
2.426205299537921434e+01 3.288697967153918711e+01 3.256105371836194706e+01 3.231650390887216417e+01 3.788404708236624430e+01 3.649760144069363577e+01
2.820811885805623831e+01 3.273190354747656272e+01 3.405847785175021158e+01 3.101316881681595206e+01 3.429223276988378899e+01 3.441407459836604943e+01
1.756122751944662497e+01 2.752985143111381916e+01 2.674256896146689400e+01 2.572981941195576994e+01 3.136962943018297878e+01 3.068438977964991565e+01
2.712748613192405145e+01 3.180265876486861742e+01 3.019365250824363400e+01 3.240296852311666242e+01 3.840698061630610738e+01 3.582370317160160766e+01
3.444058341495036046e+01 3.966804236691577046e+01 3.982572273071124158e+01 3.902238388741550068e+01 4.386246661606780606e+01 4.127735946608302697e+01
2.146476487099533870e+01 3.344235369986628825e+01 3.138447638053228417e+01 3.110212737168863129e+01 3.722419717510479842e+01 3.632934943540244177e+01
2.876214595499798321e+01 3.832285509319496697e+01 3.722489886696149597e+01 3.653675329456966381e+01 4.130219599166794353e+01 4.073469567309459194e+01
2.950955713605811326e+01 4.014890704783552877e+01 3.892224036798365461e+01 3.849924882029017681e+01 4.218270492593421750e+01 4.241680710534223664e+01
1.919613353142482737e+01 2.946535245275291715e+01 2.811456686938729277e+01 2.593672284295982067e+01 3.229535928752513740e+01 3.163274097528527662e+01
3.663408102689952983e+01 4.025865907523483855e+01 3.941727621552810490e+01 3.960745604009392196e+01 4.425572268991012947e+01 4.220208964445566835e+01
3.218400661935060469e+01 3.653232393439257208e+01 3.692171660130060928e+01 3.748673997807185998e+01 4.243951020813517516e+01 4.040014037608511899e+01
2.543910931458117375e+01 3.383056383161728320e+01 3.391716756449754655e+01 3.362506743084450278e+01 3.931884185352465266e+01 3.777179202244425227e+01
2.548737166045202329e+01 3.247322795708807064e+01 3.372703783852838910e+01 3.202896336011257006e+01 3.730903867110450989e+01 3.630569295966236609e+01
2.828456964416402286e+01 3.175877292375681193e+01 3.043296206781536029e+01 3.133433958056827251e+01 3.742932979883752864e+01 3.544884584349832579e+01
2.583324905698514584e+01 2.995679036684985164e+01 3.240321603014696450e+01 2.527266272901849931e+01 3.063111779388274414e+01 3.066475019211295105e+01
2.408196710769765048e+01 3.370384517660168200e+01 3.358484354818178730e+01 3.282569002897909627e+01 3.698853144727599584e+01 3.698810351743483693e+01
2.964456391593319395e+01 3.355501134630282678e+01 3.510079788118301991e+01 3.200159032840943496e+01 3.569697208349638373e+01 3.523506891404291963e+01
1.612666635979012142e+01 2.477818434394780667e+01 2.341515994865518024e+01 2.288684328970023429e+01 3.006765892993415079e+01 2.807290677809614365e+01
3.442881607410271982e+01 3.987237787104247388e+01 4.106953407201090300e+01 4.109470770131980544e+01 4.364010259815239579e+01 4.318502017238978397e+01
4.522405996931653505e+01 4.891540767495346387e+01 5.255104476102540190e+01 4.811958728098449711e+01 5.139551694721284747e+01 5.000541926001260862e+01
2.044395893081969362e+01 3.041216527855098661e+01 2.590365103263581048e+01 2.773942414457039263e+01 3.583342318737620502e+01 3.349015535283501066e+01
3.948865538399974895e+01 4.642899496656688285e+01 4.814946230850809172e+01 4.433757485701974588e+01 4.697571123384056335e+01 4.790496788665225125e+01
2.946493859202444199e+01 3.992221133315488402e+01 3.855211657885638488e+01 3.674636595331063660e+01 4.118782658115883777e+01 4.152570904857931566e+01
1.853852904972984561e+01 2.754593741189450284e+01 2.722764946077277415e+01 2.484869430699573556e+01 3.085429478227319322e+01 3.005566732162611032e+01
4.180854993610573445e+01 4.557107615493001163e+01 4.739297286009432497e+01 4.292101778121178057e+01 4.631389855370703401e+01 4.676705141724466586e+01
4.175682518418199862e+01 4.566233015745849855e+01 4.788536019107260699e+01 4.490652901162151522e+01 4.720189005362299639e+01 4.726581670584594264e+01
3.270528923091621465e+01 3.984567344059504279e+01 4.122915323145881672e+01 3.710862456920626329e+01 4.047869674227859349e+01 4.165272295532080449e+01
3.697773128321499314e+01 4.101399232067611678e+01 4.493232113302884301e+01 3.963907542985901955e+01 4.281878947816794323e+01 4.356442651914030506e+01
3.028763476117983444e+01 3.485559230371602979e+01 3.277049253181630917e+01 3.139944750038933563e+01 3.745291014294157605e+01 3.693268179601918888e+01
3.609845328781863572e+01 3.812972398854233091e+01 4.259034750426142324e+01 3.571215596174391038e+01 3.828250335530936610e+01 3.958844725914607920e+01
2.353405030251902730e+01 2.323948376856048981e+01 2.405125160285107100e+01 2.599294360338802079e+01 3.250894316483482527e+01 2.906773309486300150e+01
4.765477261099037065e+01 4.299524242536089247e+01 4.327390545340686856e+01 4.511622703164018588e+01 4.740887152454704534e+01 4.535101167098129338e+01
1.934414021296516140e+01 2.386969365661218845e+01 2.297945313114077237e+01 2.435867192516562696e+01 3.129981145127440811e+01 2.811237006418219053e+01
4.523389729838006446e+01 3.966531221520835260e+01 4.547677405339207724e+01 4.184098215968106871e+01 4.144020365477077661e+01 4.110632172046412336e+01
3.347441734640575106e+01 3.420092414015704207e+01 3.424380090121824338e+01 3.500694669057148189e+01 3.969982499134516729e+01 3.756722837480385380e+01
2.405640724487067317e+01 2.888516955430361577e+01 2.521583439823782768e+01 2.873624727732567408e+01 3.579098125788456741e+01 3.229447076868137145e+01
3.095503237687337617e+01 3.003083990583446550e+01 3.206306670709931694e+01 3.104450648443771499e+01 3.649096395539246629e+01 3.485987013278312929e+01
5.130271405977841681e+01 4.375921681264382102e+01 5.050938605459481323e+01 4.940760038399302090e+01 5.004198948080087916e+01 4.930374068291820322e+01
2.916727758584193708e+01 2.846612615548525582e+01 2.830663519526599003e+01 3.009317280804039996e+01 3.451608074646633639e+01 3.155820372890421055e+01
4.405982279447332672e+01 4.003301037997735534e+01 4.398525724626307465e+01 4.273404221702583783e+01 4.426103974107945049e+01 4.192642521190180105e+01
5.434732569500953758e+01 4.555839252487914592e+01 5.172839198811904993e+01 5.086868433679128998e+01 5.143599556436385711e+01 4.872317249500633096e+01
4.044023782093414354e+01 3.474288294714273917e+01 4.018059430567050327e+01 3.850027953200302733e+01 4.128484439235033676e+01 3.896833274465077324e+01
4.878253501498375755e+01 4.265774959196070171e+01 5.047800846074567716e+01 4.453487392433974890e+01 4.394123695138591046e+01 4.506056651467216767e+01
2.165642356784896450e+01 2.521463911479421682e+01 2.084218779985366510e+01 2.515269451544741486e+01 3.133558637813789005e+01 2.801100669025319689e+01
4.183308759136865262e+01 4.074751300246160213e+01 4.625792365839446774e+01 4.027139017427587220e+01 4.226721242940885048e+01 4.244012127463460615e+01
3.422559250716365398e+01 2.668379343608599186e+01 3.389706975022720314e+01 3.305818872988877644e+01 3.681969130089852626e+01 3.436703854891723608e+01
4.293493110682343428e+01 3.765848447952228639e+01 4.011373197406042124e+01 4.130330776363356904e+01 4.486358290620234612e+01 4.217941037966614459e+01
2.420257518712568157e+01 2.237815838280292269e+01 2.571925749203930422e+01 2.636967196161408822e+01 3.174576648925465960e+01 2.810919143605609705e+01
5.588313036353358143e+01 4.624499782254193292e+01 5.578196405239542344e+01 5.030312157359270486e+01 4.988945331223519020e+01 4.856749617714766032e+01
4.544862724671537535e+01 4.127846115527027848e+01 4.583936997321204387e+01 4.471885531180428330e+01 4.683249014364596974e+01 4.356396520394692828e+01
2.901881336944273571e+01 2.969044778084636960e+01 2.907579806073125539e+01 3.184275375816678633e+01 3.799700572364912432e+01 3.415347409784313015e+01
5.136760239306907039e+01 4.285227813846699974e+01 4.987097494745579240e+01 4.678779334924132627e+01 4.933520421127518318e+01 4.763388594364026574e+01
4.542683863688702672e+01 4.306629266767100717e+01 4.797893992320028644e+01 4.527529882560214958e+01 4.681810395357171473e+01 4.679995853153551622e+01
3.086800983702388379e+01 2.479450892066633472e+01 2.926476408168072041e+01 2.932238871457393969e+01 3.355649685261938941e+01 2.983626834419434815e+01
5.242561339703020451e+01 4.384663292180825067e+01 5.174780449976884000e+01 4.924181915831920264e+01 4.888464353195951162e+01 4.774117702041719724e+01
6.590834410776453467e+01 5.270582841883054925e+01 6.130966068427723314e+01 6.059942202288662827e+01 6.020296250140604855e+01 5.744541869186083005e+01
4.872320711029509255e+01 3.702198001559175822e+01 4.576568270410756156e+01 4.493810414946318588e+01 4.511926274280217797e+01 4.317386495506523403e+01
5.510944843878559141e+01 4.819538336336691486e+01 5.530781653480243421e+01 5.087496712723621783e+01 4.978237427303750451e+01 5.063582332003153397e+01
2.637421560366867368e+01 3.069371565446312999e+01 2.802849039033489831e+01 2.763803706060142673e+01 3.216141610979229171e+01 3.246292160985535702e+01
3.978900166912647762e+01 3.885169828486365162e+01 4.470171556768220000e+01 3.844945831901079458e+01 3.976787961618143896e+01 4.082479882164505369e+01
3.544850586256235658e+01 3.017898067200808043e+01 3.274024933505307189e+01 3.506018415293622326e+01 3.908065631333792567e+01 3.605296387049990159e+01
4.069515664308325853e+01 3.661626751509791688e+01 3.757568528613013825e+01 3.892876421724479030e+01 4.245623222002866015e+01 4.008591421213983352e+01
2.596908912259525337e+01 2.364083003601742305e+01 2.576518552425401865e+01 2.780822601562422847e+01 3.236125972784462590e+01 2.883757392330224789e+01
4.940766904157999306e+01 4.154777700105875482e+01 4.866843667059813328e+01 4.524471100318517358e+01 4.447222447888618291e+01 4.370664383617662452e+01
4.281491363356615665e+01 3.968563475763405535e+01 4.191718183125550468e+01 4.273825188921133389e+01 4.568379673317004830e+01 4.271504393827531487e+01
3.357425247024083603e+01 3.211165177364754442e+01 3.285965836758080627e+01 3.545922326147292125e+01 4.049772599942171070e+01 3.704753841451660179e+01
4.332308450804649880e+01 3.921364867292501799e+01 4.349098300226506808e+01 4.153571549182914424e+01 4.450727929851269238e+01 4.355652411107688238e+01
4.936584171274109423e+01 4.283909724618010983e+01 4.955113575323044728e+01 4.794040437517943332e+01 4.879707050031746718e+01 4.813861692288759997e+01
3.089531323981493571e+01 2.563538726691951908e+01 3.099006981150071738e+01 3.070199741115982306e+01 3.552629731814963776e+01 3.187471559704103186e+01
5.397827274759612237e+01 4.749548674558575811e+01 5.271204909374998238e+01 5.205429591322060645e+01 5.258445305154366167e+01 5.008511621104560874e+01
5.340497164182963985e+01 4.422697821770972837e+01 5.067098636634545983e+01 4.966236144143253739e+01 5.064995334151240058e+01 4.831622663630534475e+01
4.586845016486347504e+01 3.855196468948044952e+01 4.433321832541646756e+01 4.340939497066404584e+01 4.541254733354096373e+01 4.321540900165772570e+01
5.646447573970163347e+01 4.762779458716325109e+01 5.571663312926996525e+01 5.111895679467516374e+01 4.984408059845377892e+01 5.049555603870576448e+01
3.515735412652994540e+01 3.435586866367813030e+01 3.189499612645510140e+01 3.571898808935995362e+01 3.991016247396723315e+01 3.764444720308476633e+01
4.397776919208297386e+01 4.000769111754870977e+01 4.714449743774947166e+01 4.140516258190836396e+01 4.232517918214190900e+01 4.221171293517034684e+01
4.057721257325294317e+01 3.015271683319778973e+01 3.844436869182197114e+01 3.806972914693746191e+01 4.042220859841716418e+01 3.820375592263004449e+01
4.214272695241501054e+01 3.772393867008378265e+01 3.888043627613568987e+01 4.032746656534668261e+01 4.363998655999651533e+01 4.095567691535192267e+01
1.980304391612768100e+01 2.080180309500597247e+01 2.203060920434210246e+01 2.318994222900613522e+01 2.908088005780349761e+01 2.572326117210339902e+01
5.907742293743147854e+01 4.819907690777657194e+01 5.736271412790492263e+01 5.268889787714375927e+01 5.209294162477254275e+01 5.094196979225196742e+01
5.167845909597031806e+01 4.546792900682646632e+01 5.041274175195373175e+01 5.003873061957732915e+01 5.111436660897643236e+01 4.849022631173939857e+01
2.220984106876163011e+01 2.876220289352811221e+01 2.532830162658695983e+01 2.799127170620186078e+01 3.590907406238297739e+01 3.269754540419569366e+01
5.691833027092751252e+01 4.798209688844247722e+01 5.419830778622315393e+01 5.205021769656283936e+01 5.376686865247258140e+01 5.244417545712300210e+01
4.674853899998332452e+01 4.362109293964033441e+01 4.855168432518036781e+01 4.630167801525501403e+01 4.763550961513794846e+01 4.722802305908659548e+01
2.998977726393553667e+01 2.813856516227511406e+01 2.801412241118302759e+01 3.058505985951156703e+01 3.313160636954155081e+01 3.055732182010969566e+01
6.031598834826434086e+01 5.188926012704229151e+01 5.641512305969602181e+01 5.688512494711031309e+01 5.565022460654508762e+01 5.414724423339128379e+01
6.524593653824335604e+01 5.410564358537139640e+01 6.172531650982605811e+01 6.062855956039965122e+01 6.027465435159230367e+01 5.747796734156152354e+01
5.257272477016171308e+01 4.001635881215923263e+01 4.843398847958592768e+01 4.835632929737552388e+01 4.797322811227114414e+01 4.628534542043542643e+01
6.250452062976079048e+01 5.366086379023320063e+01 6.098746557702978777e+01 5.753530242634979430e+01 5.597348866791238464e+01 5.635586664790734801e+01
3.165392050835826510e+01 3.190288881468678284e+01 3.195934517351569681e+01 3.188942089271451508e+01 3.642410189294986367e+01 3.485377523852841364e+01
2.402261619030818451e+01 2.578293342711735647e+01 2.478479053247916752e+01 2.561928728776549491e+01 3.238974865293748451e+01 2.890938686029955917e+01
2.453172445439709293e+01 2.821743523633517015e+01 2.026756687774043186e+01 2.675514045029472854e+01 3.165464967097544502e+01 2.915221942441631597e+01
4.540275087492997130e+01 4.294523403670923756e+01 3.708200329746262724e+01 4.452184842894388339e+01 4.130977681993058326e+01 4.127428677919849775e+01
2.215017518797795759e+01 2.738960358163864939e+01 2.165065448876541865e+01 2.510348889067761391e+01 3.221616802391329770e+01 2.881298518440156897e+01
4.314836281173168686e+01 4.250105738460162286e+01 3.307688913123023156e+01 4.191701004998142110e+01 4.248115436337027262e+01 4.150603357449656272e+01
2.967069444850789139e+01 3.414392220603666317e+01 3.041580544221284654e+01 3.337279637716034841e+01 3.714920737796744277e+01 3.610743686940193697e+01
2.318907632850530121e+01 2.907030130884080776e+01 2.458476638886931553e+01 2.788771747551780678e+01 3.528645695098580148e+01 3.193680270032190904e+01
3.094761315314599770e+01 3.133716627910819241e+01 2.971297768677481344e+01 2.868511454633629754e+01 3.670944373050872400e+01 3.353500628215068957e+01
5.288172732348540706e+01 5.144594858308039420e+01 4.816768137496080016e+01 4.947804733272520394e+01 5.058011887130918893e+01 4.946077271535420294e+01
2.605555099720291778e+01 2.727385459348847974e+01 2.471007371240105144e+01 2.786289968366243386e+01 3.201257608395036414e+01 2.940293976191677672e+01
4.488059434843297169e+01 4.373338501421169866e+01 4.071109029802608603e+01 4.477498218077315073e+01 4.473104363446963561e+01 4.367381821766018390e+01
5.584632343112832586e+01 5.382664695429443213e+01 4.550562651705627815e+01 5.452070979592551225e+01 5.054607957700052623e+01 5.149699889208150694e+01
4.154883339306073964e+01 4.136041501317690461e+01 3.175747383696726800e+01 4.170160486455035453e+01 3.980773190976447751e+01 4.016141081639887034e+01
3.406914068732980638e+01 3.635725030663603974e+01 3.104653826029254304e+01 3.666352753807114340e+01 3.743434994392837467e+01 3.687535551510902820e+01
2.182686337673712984e+01 2.573755442569763829e+01 2.116481479709917224e+01 2.453230429623111064e+01 3.083494299886680423e+01 2.822932689619499413e+01
2.838746478097387538e+01 2.912632935367658860e+01 2.841513933800363034e+01 2.825157936178439400e+01 3.445644285905336091e+01 3.095758736340037842e+01
3.625814182093557037e+01 3.481197560181604445e+01 3.000019362443402215e+01 3.422262333962053305e+01 3.668477808024969278e+01 3.479926441426399464e+01
4.087793800465756533e+01 4.014931902762404548e+01 3.432827759707450355e+01 4.050078364077447901e+01 3.980286675055914003e+01 4.067351599574401888e+01
2.817026250818161515e+01 2.918657982225640879e+01 2.401478531760882618e+01 2.811771568345389127e+01 3.297106638930991807e+01 2.943440966265213632e+01
5.128019089367226258e+01 4.989768645886839238e+01 4.287890210144038861e+01 4.833083571416775470e+01 4.760422945619294666e+01 4.796513493481250379e+01
5.287321806241504873e+01 4.930214768558143135e+01 4.786733245971455375e+01 5.169149621385192717e+01 4.942336791542748387e+01 4.960214474015835862e+01
2.762568092004315545e+01 3.172693842459898761e+01 2.659582010811202579e+01 3.043722140477044036e+01 3.622356958118915315e+01 3.317622637919901507e+01
5.342423812094254032e+01 4.846160963712438985e+01 4.749619971179773614e+01 4.617218657909313606e+01 5.001317383410735573e+01 4.745082117723454473e+01
4.983217143223239987e+01 4.841416897427323107e+01 4.665204091092137872e+01 4.679649612468087128e+01 4.910472773764866616e+01 4.731539358815546592e+01
2.877245377505269275e+01 2.914024511368067749e+01 2.275049681613423047e+01 2.573628979244863046e+01 3.055428294826322499e+01 2.827675041976661063e+01
4.908338457097684682e+01 4.897134274842109392e+01 4.306675195923983068e+01 4.725287753257030943e+01 4.711921805404767127e+01 4.718799428468596346e+01
6.060297138122763272e+01 5.770148178731874111e+01 5.087394971342327210e+01 5.881158305489275762e+01 5.452711945562843709e+01 5.502563510069638397e+01
4.434134844941007003e+01 4.442614317231495846e+01 3.556206241689868364e+01 4.292446130346100830e+01 4.088242288243607447e+01 4.188497931088099335e+01
4.464445684011292315e+01 4.486105658272098395e+01 3.893522857113818958e+01 4.428606455401952502e+01 4.380962803651071624e+01 4.383829135837935809e+01
2.774191792101382248e+01 2.995229867182949590e+01 2.855451758142775631e+01 2.912822957029923288e+01 3.183725925619810937e+01 3.128245263899107087e+01
2.992042984980845688e+01 2.821115833010441065e+01 2.543318762279023559e+01 2.878320286305093845e+01 3.347061946649664321e+01 2.964782835581332066e+01
3.651979359657795499e+01 3.696570370639717851e+01 2.877854807619268840e+01 3.665905659684593587e+01 3.773859195725496107e+01 3.652389550139222507e+01
4.035333991584627711e+01 3.908943961854854621e+01 3.300286605706862275e+01 4.002350149998903106e+01 3.854195902907640203e+01 3.887644487243559865e+01
2.837289372462678116e+01 3.001767448882690559e+01 2.400206190428833963e+01 2.867881835808214319e+01 3.267322560979586399e+01 2.942339357940856104e+01
4.681962086740836071e+01 4.578524026632114641e+01 3.654092003285331458e+01 4.534439437230393111e+01 4.416942265614803631e+01 4.428916257487798447e+01
4.182669831834127905e+01 4.339611306871789509e+01 4.131658773685604302e+01 4.439965848791558045e+01 4.486517605191256308e+01 4.506999797552565923e+01
3.234363964642170686e+01 3.517432882594937382e+01 2.968807749920817685e+01 3.422500606289842295e+01 3.878851299472106717e+01 3.569279075905888732e+01
4.222774591433547187e+01 4.035680584378663127e+01 3.954310865128298502e+01 3.800526154435523551e+01 4.395907450299722541e+01 4.151747945732752498e+01
5.200505961721356840e+01 5.055216750694047789e+01 4.729216119643657379e+01 4.854223663927193400e+01 5.006236117905732641e+01 4.877701564557452940e+01
2.864789323206731453e+01 3.003252263781077502e+01 2.515705242909030304e+01 2.667319106438797860e+01 3.297625560029180747e+01 3.042168467529084452e+01
5.754917261989048427e+01 5.538327533696374161e+01 4.851435837701420439e+01 5.649748688830874954e+01 5.312288507547685157e+01 5.310383985989727051e+01
5.491399359141336589e+01 5.273236658760360029e+01 4.586066858182711314e+01 5.346053764894664795e+01 5.055975552076038326e+01 5.089630061262460003e+01
4.628479994473285331e+01 4.593689034653575476e+01 3.658585269280632701e+01 4.668342567925873965e+01 4.309256502980447578e+01 4.394989099809836119e+01
4.295748727288683710e+01 4.297341226645218626e+01 3.712179699366790686e+01 4.369608495009187976e+01 4.218538022225275341e+01 4.237583093320954220e+01
3.462816706581419623e+01 3.352716817546271244e+01 3.256110452096991992e+01 3.438804446920291014e+01 3.863886542681058245e+01 3.644410800772266157e+01
3.028823612823865119e+01 2.860471777510740310e+01 2.594571898960528600e+01 2.842608784006342049e+01 3.250199721935134534e+01 2.987232513219543151e+01
4.182942269481026187e+01 3.917843595397236811e+01 3.346807376404675693e+01 3.940860598439116558e+01 3.918907453901585569e+01 3.826775171092207017e+01
4.099978337588419919e+01 3.991217253318612990e+01 3.369070781220808897e+01 4.043820417679707901e+01 3.868107934846906204e+01 3.902943253334702689e+01
2.405696721959638040e+01 2.602197662880552542e+01 2.056172708988046693e+01 2.488671535580110827e+01 3.043918334174854579e+01 2.694284591164596776e+01
5.684431803899283153e+01 5.410038255546479036e+01 4.673748585483319573e+01 5.298425097759019309e+01 5.094965058345845677e+01 5.181328124617763820e+01
5.964701415186311806e+01 5.490223585566867825e+01 5.371431488523413833e+01 5.838801026948856077e+01 5.479316335464783805e+01 5.462197591922652151e+01
2.213736785991770617e+01 2.946414622635198199e+01 2.512371685137657806e+01 2.765489159373164796e+01 3.567072256723906776e+01 3.260230160588015025e+01
5.946247019149533486e+01 5.348910302125836580e+01 5.219605336736039192e+01 5.179861840798858452e+01 5.501031302770703491e+01 5.234192879791794439e+01
5.075597560429812205e+01 4.920604087270609028e+01 4.743680382107999804e+01 4.752404554927029068e+01 4.951325688230709687e+01 4.788488402450044390e+01
2.849340541569729979e+01 2.752496578903202007e+01 2.571988606011852241e+01 2.874717103053977851e+01 3.111354049240721764e+01 2.872380713444041689e+01
5.454268273366683673e+01 5.255606218340168567e+01 4.756602050534945647e+01 5.262844401636164093e+01 5.057208110662386247e+01 5.146311456551861596e+01
6.098922799198172839e+01 5.868626865264040759e+01 5.139092449811936802e+01 5.965127472677168896e+01 5.492640993930754689e+01 5.594348720997489011e+01
4.757939442458585688e+01 4.681053262493809086e+01 3.791329219882658208e+01 4.576517716100051558e+01 4.246727219611771176e+01 4.399540080129219888e+01
5.216986159536155299e+01 5.091942524903600997e+01 4.464735567924396520e+01 5.073045336210284262e+01 4.868802381637481602e+01 4.917886435950481427e+01
3.224170003841095422e+01 3.293437341487861403e+01 3.243844106142854145e+01 3.208894887283335606e+01 3.596295074254010871e+01 3.544845273718496514e+01
3.075194083206551099e+01 3.284678057991511224e+01 3.474590326310235611e+01 2.713950520241269615e+01 3.412474298162046438e+01 3.303210527824600717e+01
2.272506477634264854e+01 2.583601232184130581e+01 2.394417627525677617e+01 2.266005010282480825e+01 3.147579280651778433e+01 2.780862548690451064e+01
4.770589923396735799e+01 4.218530189186404300e+01 4.203077427351573192e+01 4.052470561122131443e+01 4.433181272243745497e+01 4.227567452789943303e+01
2.061141195173375706e+01 2.695394994535298494e+01 2.462539887027671170e+01 2.524454057647592720e+01 3.301358855543033144e+01 3.015993740110037891e+01
3.561552663133936392e+01 3.903743621422135845e+01 3.846198772642920005e+01 3.381747883088161899e+01 4.048644411742553473e+01 3.955776516197049375e+01
2.897133047659157157e+01 3.305927682245469157e+01 2.807199675192025268e+01 3.003816132006387818e+01 3.633437894710419158e+01 3.313635106071723158e+01
1.962598858421746328e+01 2.839732338020023050e+01 2.564297814468508463e+01 2.684605486802816898e+01 3.493598274593959019e+01 3.227402276769439027e+01
3.081574898626599435e+01 3.137868241589240981e+01 3.170502232323072178e+01 2.911985791515756361e+01 3.579711516317473752e+01 3.409369559137414996e+01
4.223733425433203337e+01 4.444667146981876016e+01 4.818280793960669683e+01 4.069314212740946601e+01 4.583029017660007298e+01 4.598113015350428157e+01
2.543155273099984015e+01 2.804123890205695702e+01 2.799305008005249817e+01 2.256744725981378608e+01 3.149733886934184568e+01 3.017001001364659984e+01
3.990640430855997778e+01 4.191361034108095396e+01 4.075718854274850855e+01 3.573391056273183608e+01 4.198365049421568784e+01 4.174253720894849096e+01
5.127536705271518969e+01 4.896935735804496659e+01 4.932398239764697934e+01 4.447680603743457795e+01 4.753144167174878021e+01 4.722968118713770735e+01
3.698268166151895997e+01 3.790167066976680843e+01 3.645196406107607601e+01 3.048049265132033980e+01 3.894562138288423370e+01 3.767129541212921140e+01
3.018309394912591870e+01 3.171849744103293745e+01 3.462043284101481788e+01 2.683187048842547284e+01 3.436075663381889456e+01 3.451999955552733468e+01
1.991105267031427317e+01 2.393802231810233749e+01 2.036905071729432493e+01 2.232265636058692948e+01 2.999307563262824416e+01 2.682008368017175570e+01
3.380273868874798637e+01 3.319397558648746127e+01 3.676914549089984519e+01 2.872200749237305217e+01 3.593258830162262285e+01 3.491959594621935992e+01
3.288410518107926350e+01 3.059150096504881944e+01 3.255052990435856941e+01 2.855448803195703178e+01 3.536942693047252106e+01 3.332030014705961207e+01
4.033332523895587940e+01 3.685704579430835537e+01 3.730373022845699182e+01 3.194196340421605385e+01 4.046460493767617095e+01 3.825867918034134618e+01
2.478838419931862447e+01 2.692987638263995720e+01 2.790082539450060395e+01 2.631978644803246681e+01 3.338510461424073128e+01 3.073690494437124343e+01
5.128244955198368160e+01 4.919862725695013950e+01 5.414613717639346646e+01 4.471629254171369183e+01 4.912474428385232983e+01 4.956275147035342599e+01
4.430190485861350425e+01 4.326466569110910143e+01 4.136998409004157651e+01 3.987541006850626246e+01 4.409299482840265938e+01 4.090697796552921517e+01
1.932381788546565815e+01 2.841455733308196230e+01 2.646381903512078537e+01 2.685284879392775537e+01 3.476717326190350832e+01 3.250221098897961980e+01
5.262338225222428889e+01 4.748345613884475114e+01 5.032785895437275769e+01 4.605999013044412038e+01 4.891974298120324960e+01 4.867495952856724273e+01
3.887782604896119665e+01 4.290397424451392538e+01 4.456681960817983423e+01 3.753185709126127989e+01 4.381026357635878554e+01 4.370831070528748086e+01
2.539760799833413785e+01 2.527284685850699475e+01 2.580673297261473564e+01 1.913870467259650354e+01 2.945934276737205693e+01 2.783774980241447494e+01
4.906719097398604390e+01 4.714425158768886348e+01 4.922376819351783439e+01 4.286377773118101686e+01 4.714885735293732694e+01 4.689553061217683450e+01
6.118999249485078451e+01 5.548380109795498072e+01 5.725915287375071472e+01 5.063279069483687778e+01 5.498006245804843672e+01 5.409228842778333046e+01
4.399816886699657914e+01 4.178542355738300529e+01 4.386487050525837361e+01 3.620329027615813544e+01 4.224779441521642553e+01 4.189935691848692301e+01
4.166781736498795397e+01 4.017804552683984554e+01 4.526309255459818814e+01 3.642707190664550154e+01 4.140494559303952116e+01 4.209452485848885317e+01
2.675537755815013341e+01 3.044863367053307712e+01 2.970450278756912255e+01 2.739331932258348345e+01 3.143435243823831726e+01 3.145817740744681501e+01
3.363903754071464647e+01 3.282727736268427066e+01 3.533351630683912958e+01 2.734824164213243591e+01 3.461402043198282996e+01 3.291925698053732674e+01
3.474167056500871098e+01 3.388326270080939651e+01 3.303102589823042479e+01 3.090980077794696967e+01 3.753363058842596445e+01 3.410191668701218504e+01
4.162961931744568034e+01 3.756604572708701539e+01 3.783488768246949263e+01 3.358919713801544304e+01 4.047821094349026083e+01 3.857020923143902991e+01
2.435361342766151438e+01 2.714215161114036690e+01 2.703637444364733966e+01 2.663236022533563130e+01 3.230246417136428505e+01 2.983463976581147037e+01
4.142759277257472661e+01 4.223514284397922580e+01 4.286270371120269118e+01 3.722756667586990176e+01 4.405090961377893422e+01 4.267430616968069756e+01
4.201833404117823534e+01 4.269632069749230396e+01 3.807587205505387118e+01 4.039726453458487043e+01 4.373508518749593321e+01 4.114971141388222975e+01
2.439931456597749460e+01 3.173889553659964236e+01 3.106963580909233258e+01 3.081575752095104903e+01 3.727179081739008382e+01 3.570602940049833762e+01
4.274087370464822300e+01 4.049904633226319106e+01 4.269773217226754980e+01 3.875428786777077050e+01 4.338934242653615314e+01 4.237152299715984327e+01
4.129897702775312496e+01 4.390423510230638726e+01 4.729795394694925648e+01 3.990707403884836424e+01 4.523853567633235429e+01 4.538684461762427702e+01
2.621418885483107175e+01 2.845131950297137635e+01 2.903468948895729795e+01 2.227399666195228889e+01 3.197501812831655243e+01 3.109097786524242224e+01
4.988912570754674647e+01 4.964990183392800560e+01 4.935744791115264007e+01 4.644396121538764532e+01 4.914915589527257112e+01 4.904307275817641454e+01
5.082370651716081511e+01 4.866290862415252860e+01 4.894873705766564598e+01 4.341813686441038556e+01 4.733506670033492725e+01 4.684969349212330769e+01
4.171113510310935624e+01 4.113104863085097662e+01 4.023363914269744157e+01 3.428665200820220349e+01 4.209793771724235967e+01 4.076485473683906946e+01
3.920657279043626886e+01 3.776869452366747737e+01 4.185576919673625440e+01 3.328114266513570385e+01 4.028575234726751830e+01 4.006928761907108338e+01
2.991300442559504802e+01 3.066378839827105196e+01 2.898364961114052818e+01 3.002042553242216272e+01 3.657352720832095372e+01 3.468100168631091407e+01
3.555895418698872845e+01 3.302234971355821358e+01 3.689413152661789042e+01 2.901707130787916356e+01 3.617552249622806926e+01 3.422729481296543952e+01
3.877897456447325908e+01 3.431035519416350610e+01 3.645028722025381285e+01 3.233109568986896676e+01 3.820233620623086779e+01 3.575475144507812075e+01
4.024782318164150752e+01 3.584682549962310816e+01 3.587284359159890812e+01 3.230328777873277346e+01 3.908925566544095176e+01 3.670061743844005520e+01
2.086191341916362418e+01 2.437947749633630679e+01 2.350586731454058054e+01 2.347899829565114160e+01 3.110141231504421810e+01 2.798431010548764775e+01
5.427765781474638374e+01 5.113425359294210182e+01 5.636061368938778315e+01 4.670424390927419012e+01 5.099693792333433606e+01 5.144792994081544180e+01
5.214966752022733232e+01 4.975282235314764279e+01 4.738870746116365495e+01 4.695241486158373334e+01 4.945216403247622594e+01 4.664447046762597182e+01
1.998418126852953591e+01 2.967107064618102541e+01 2.580256862636489146e+01 2.725686566649349274e+01 3.587834375917519480e+01 3.330352650181370677e+01
5.760015138594359740e+01 5.212684370229045783e+01 5.436642515426438393e+01 5.073381058841894031e+01 5.295720457561504446e+01 5.296724728953313388e+01
3.969873837723056909e+01 4.347375258027915379e+01 4.544735283322105346e+01 3.828521122081891548e+01 4.437900293665871487e+01 4.430337413396015478e+01
2.659234446687433717e+01 2.621928948772658430e+01 2.616207874671443179e+01 2.189114840469120082e+01 2.995186150886917531e+01 2.819858581540343323e+01
5.734856097939395880e+01 5.389939162404941442e+01 5.621806372688386233e+01 4.939821871220348726e+01 5.383017437438660835e+01 5.365686834492750990e+01
6.070333613670004524e+01 5.539145770589009032e+01 5.733600447065342820e+01 5.089643925883095932e+01 5.464791281417247149e+01 5.389796317574886331e+01
4.750070393168265070e+01 4.451830830564622943e+01 4.661523656260803250e+01 3.913234648566491813e+01 4.483011941690218549e+01 4.441096260262462891e+01
4.897245650104148496e+01 4.608257983670262092e+01 5.137184752883764816e+01 4.254613846747881212e+01 4.715819120770638762e+01 4.772377328148816389e+01
3.128368846557686922e+01 3.183172479411690148e+01 3.330053480517270970e+01 3.031904550018951738e+01 3.421589243134787495e+01 3.392336989606930331e+01
3.152956016006388040e+01 3.096441943316312617e+01 3.123862602866234184e+01 2.662717507825657037e+01 3.020825847967225286e+01 3.029952015434405865e+01
3.905209317558247761e+01 3.757527524351296933e+01 3.690922658154131142e+01 3.899790824029938818e+01 3.594604371727668735e+01 3.803290152803089796e+01
3.608512459554919616e+01 3.536752774637769647e+01 3.496142344300508853e+01 3.483944229500330891e+01 3.275190174842432356e+01 3.532268892411139660e+01
2.705056857749095656e+01 3.014107318403874558e+01 2.706706552065460869e+01 2.920710497890961932e+01 2.732091584362177272e+01 3.003564400225537412e+01
5.756676695552582856e+01 5.557233157802873791e+01 5.663623073011576281e+01 5.308581533031671285e+01 4.651224201181802442e+01 5.092936453049304646e+01
6.556430774621779278e+01 6.040959769334641294e+01 6.043071650163494013e+01 6.200612210599368268e+01 5.194766478557449574e+01 5.619288582312074709e+01
2.517239045454720525e+01 2.813920603247022356e+01 2.606035148335212881e+01 2.890142202862882925e+01 3.549576116145248506e+01 3.218816131157776539e+01
6.184079073146759242e+01 5.668073733285049798e+01 5.701958007981041732e+01 5.771075060798049350e+01 5.251008961318974855e+01 5.547480581968067526e+01
5.526137449847922056e+01 5.305778735960573300e+01 5.330508417199222748e+01 5.112516915684637553e+01 4.351183466094256858e+01 4.864100986981634378e+01
2.831056378482287883e+01 2.981328850223873772e+01 2.640051722742927609e+01 2.757267963742604877e+01 2.435685438289936044e+01 2.736358296036249271e+01
5.323516260732230165e+01 5.122164300178081220e+01 5.124259402899752303e+01 5.007141959176550472e+01 4.147530698195693333e+01 4.797601290947770281e+01
5.978572871504471209e+01 5.534627207849672459e+01 5.761354006408394923e+01 5.660582248289173180e+01 4.826645818908821184e+01 5.303376025265421845e+01
4.611696629022384286e+01 4.383925383904519180e+01 4.439664534279696539e+01 4.333282251990964795e+01 3.511835347541034480e+01 4.133089493337045894e+01
6.015732194196309024e+01 5.553468612815954941e+01 5.618964345827270535e+01 5.470217337958305137e+01 4.833326141166100598e+01 5.024940870885385635e+01
3.206391623220045517e+01 3.102687524769394045e+01 3.160899488455210715e+01 2.998445220030878744e+01 3.239877994672057326e+01 3.144571796205663716e+01
3.014292167419105439e+01 2.969827563834257944e+01 2.843606086749494466e+01 2.811753606170228181e+01 2.917893015263491563e+01 2.942750890178172085e+01
3.532293901874727027e+01 3.619295579713977418e+01 3.429663298621201761e+01 3.799460579188113485e+01 3.781486486776987732e+01 3.792757531546923389e+01
3.818121058611820473e+01 3.579129554584157802e+01 3.560865446842453252e+01 3.636706453203383660e+01 3.313036830953501521e+01 3.489622802758275810e+01
2.608142969137655598e+01 2.944263940711770644e+01 2.573597390553756981e+01 2.873731828494573648e+01 2.812991571603291874e+01 3.012435740836329856e+01
5.855033727660530474e+01 5.555906359214112200e+01 5.545006260138850251e+01 5.453906211601854892e+01 4.590708908526924859e+01 5.108053031197631810e+01
6.327235793165929323e+01 5.979425216819918631e+01 5.840671168219918741e+01 6.098543600658380370e+01 5.323046329190850656e+01 5.609186329079926736e+01
3.203793065839274590e+01 3.154248728913896116e+01 3.098359363868099692e+01 3.413326835359651312e+01 3.903729162663748298e+01 3.548348527117758522e+01
4.918210572122387703e+01 4.628788454270048192e+01 4.646805153203715122e+01 4.765538008312997675e+01 4.509072932488373908e+01 4.713908549602857079e+01
5.804022135891429457e+01 5.453633315137503956e+01 5.578777023768931542e+01 5.379069085423989094e+01 4.512308645103475868e+01 5.039812351202247953e+01
2.797466332157483038e+01 3.106115290029255860e+01 2.782770714840617998e+01 2.851098351957773147e+01 2.615053527445073556e+01 2.873087935265095538e+01
6.841442481074747661e+01 6.479033549638005240e+01 6.389694634894081560e+01 6.442729219245067895e+01 5.412818132699030116e+01 5.969165162148310344e+01
6.842475753486887413e+01 6.404528459520145134e+01 6.448071982344039554e+01 6.480177129198405339e+01 5.342200512761419873e+01 6.014727233352075331e+01
5.812873855613710106e+01 5.413864482354330221e+01 5.360063900278688465e+01 5.470257254193361973e+01 4.344115980627389462e+01 4.930917812923762966e+01
5.852513601585742009e+01 5.397670389966301485e+01 5.393520062881354704e+01 5.333007051057726500e+01 4.587316247089734134e+01 4.846924091645966826e+01
3.523008335461545215e+01 3.105240571282719841e+01 3.161969862259017816e+01 3.399901790601676055e+01 3.782318514979484547e+01 3.533639344174838470e+01
2.365973576686284829e+01 2.654443106602330005e+01 2.358569559715209962e+01 2.362343411799452397e+01 2.706567999332334296e+01 2.483504968760763987e+01
2.573529748360101621e+01 2.531818233190383438e+01 2.337276911566238979e+01 2.695821533495437095e+01 3.018548117103848583e+01 2.575631235950559272e+01
5.160031215254663550e+01 4.540708099177068391e+01 4.396230376331746470e+01 4.757714512405143381e+01 4.220721657920100256e+01 4.113241222526813345e+01
2.227951295858846592e+01 2.583392157734602534e+01 2.206587635148484239e+01 2.575479125158517490e+01 2.958228481480099958e+01 2.706007338117449379e+01
5.195813948184195397e+01 4.850343305383390913e+01 5.031827670061019830e+01 4.678360887539433577e+01 4.507211794346996925e+01 4.378278385141814510e+01
4.213173841006209841e+01 4.165487015712186292e+01 4.123637038516123710e+01 3.844142857858351192e+01 4.139831827241957285e+01 3.835435008796466150e+01
2.283904493598615915e+01 2.688727243264974121e+01 2.511090732766519906e+01 2.783258597857670935e+01 3.527864600570678988e+01 3.118495399143457902e+01
3.776342932317609069e+01 3.361527936267184202e+01 3.509740908900584344e+01 3.631824449618255102e+01 3.841710412238105476e+01 3.442281778021482808e+01
6.119506651887039794e+01 5.524558910391376543e+01 5.763331652738533961e+01 5.654108892837142974e+01 5.185041801531972538e+01 4.859912032181656372e+01
2.844456800495571969e+01 2.917615453680216220e+01 2.784221797834887013e+01 2.769573109920066045e+01 3.102637690221578382e+01 2.596995044729522206e+01
4.891249384050090043e+01 4.645866975813767397e+01 4.750977231109022370e+01 4.457727050308569261e+01 4.367679570575302250e+01 3.932234806351437584e+01
5.686830932923565030e+01 5.159326600149864106e+01 5.314488767200431596e+01 5.211760200090876083e+01 4.875523754498041029e+01 4.466404580062783936e+01
4.194826972644458607e+01 3.910642957211292270e+01 3.881520276341372266e+01 3.785895776934751922e+01 3.588631360602999365e+01 3.142801887315398801e+01
3.580043784705259213e+01 3.494008452547556232e+01 3.575436447361720838e+01 3.263987670554853082e+01 3.213245781644285870e+01 2.991389440858108273e+01
2.180317227367858024e+01 2.436200645007828669e+01 2.121267983544331059e+01 2.414661273413228670e+01 3.089303335928371297e+01 2.740180104556809226e+01
2.949647026985449827e+01 2.938025336389618403e+01 2.571849674577713429e+01 2.637983979164287973e+01 2.675228481789932644e+01 2.543656142501115269e+01
4.674153860297000307e+01 3.839996070520663096e+01 4.073198284546581505e+01 4.322060672445984864e+01 4.122605001636081568e+01 3.688640661082719419e+01
4.305807438615472194e+01 3.828914913617285265e+01 3.673460734670597816e+01 4.021810478898207464e+01 3.616878797235787601e+01 3.372735929083011541e+01
2.476704052892054264e+01 2.571081769685016027e+01 2.259546920471742837e+01 2.691281623119328970e+01 2.827373476775944638e+01 2.564216719332901206e+01
7.069874363343437551e+01 6.387059845409693537e+01 6.581133755756839321e+01 6.588715894369499892e+01 6.089227637618974143e+01 5.820476433156412810e+01
5.934086318107873126e+01 5.510962619218819469e+01 5.682157426055873373e+01 5.376243046000105608e+01 5.334510734917530783e+01 5.000028312453456181e+01
2.093429998890080057e+01 2.899760198186308102e+01 2.542876858863462886e+01 2.735763020850233218e+01 3.567523243915748310e+01 3.268603079232179454e+01
7.295380578969445651e+01 6.287322133667961310e+01 6.638498148713891567e+01 6.802047484711084735e+01 6.421246385559068415e+01 6.089838925692765059e+01
5.314948100847914247e+01 4.980756648855462032e+01 5.140785007431986031e+01 4.949667724225515997e+01 4.740571325535049141e+01 4.436475808627169215e+01
3.320086193669124697e+01 2.926325972182186064e+01 2.929503424211686280e+01 3.045586967855776095e+01 2.923162189616337159e+01 2.531626063172071639e+01
6.259395165553680584e+01 5.710111971006831055e+01 5.866181710620901413e+01 5.861383484120116094e+01 5.483177790948769825e+01 5.106560614976039858e+01
6.638283248070160880e+01 5.926129419759212880e+01 6.119676510130787506e+01 6.098277172633228815e+01 5.636606671713244765e+01 5.201937242923742843e+01
5.231758866528264207e+01 4.616738577674328781e+01 4.745435119728293216e+01 4.823816520819200804e+01 4.368340778531587887e+01 3.981381341709316501e+01
6.053277376186249370e+01 5.538171075417646705e+01 5.691303210340069541e+01 5.566320731730473881e+01 5.111294608511139614e+01 5.032126154380587479e+01
3.416061516247041396e+01 3.308566720610788536e+01 3.486729607662864794e+01 3.180051993270796018e+01 3.604187233765424025e+01 3.414838334374187667e+01
